040B0324
040C063C
040D0960
04120C80
0413FFFF
0C140002
0696004E
04170003
0260C000
316EFFFC
318F0004
31B10000
09CF8000
1A14A800
3EB30003
16310002
42C00000
12378800
02388800
056B0004
058C0004
35B10000
05AD0004
06520004
32590000
3B20FFF0
2F39003F
44000000
00000000
00000000
00000000
00000000
00000000
00000000
00000000
00000000
00000000
00000000
00000000
00000000
00000000
00000000
00000000
00000000
00000000
00000000
00000000
00000000
00000000
00000000
00000000
00000000
00000000
00000000
00000000
00000000
00000000
00000000
00000000
00000000
00000000
00000000
00000000
00000000
00000000
00000000
00000000
00000000
00000000
00000000
00000000
00000000
00000000
00000000
00000000
00000000
00000000
00000000
00000000
00000000
00000000
00000000
00000000
00000000
00000000
00000000
00000000
00000000
00000000
00000000
00000000
00000000
00000000
00000000
00000000
00000000
00000000
00000000
00000000
00000000
00000000
00000000
00000000
00000000
00000000
00000000
00000000
00000000
00000000
00000000
00000000
00000000
00000000
00000000
00000000
00000000
00000000
00000000
00000000
00000000
00000000
00000000
00000000
00000000
00000000
00000000
00000000
00000000
00000000
00000000
00000000
00000000
00000000
00000000
00000000
00000000
00000000
00000000
00000000
00000000
00000000
00000000
00000000
00000000
00000000
00000000
00000000
00000000
00000000
00000000
00000000
00000000
00000000
00000000
00000000
00000000
00000000
00000000
00000000
00000000
00000000
00000000
00000000
00000000
00000000
00000000
00000000
00000000
00000000
00000000
00000000
00000000
00000000
00000000
00000000
00000000
00000000
00000000
00000000
00000000
00000000
00000000
00000000
00000000
00000000
00000000
00000000
00000000
00000000
00000000
00000000
00000000
00000000
00000000
00000000
00000000
00000000
00000000
00000000
00000000
0000005a
00000064
00000012
000000d6
0000007e
00000094
00000036
00000028
000000b0
00000019
0000002c
00000018
0000003a
000000f2
00000038
00000088
00000062
00000074
0000004e
00000011
00000012
000000d6
0000007e
00000094
0000003a
000000f2
00000038
00000088
00000040
000000b9
00000022
00000044
00000066
00000088
000000aa
000000cc
000000ee
00000012
00000034
00000055
000000a0
000000b2
000000c4
000000d6
000000e8
000000fa
0000000c
0000001e
00000020
000000b9
0000005a
00000064
00000012
000000d6
0000007e
00000094
00000036
00000028
000000b0
00000019
0000002c
00000018
0000003a
000000f2
00000038
00000088
00000062
00000074
0000004e
00000011
00000012
000000d6
0000007e
00000094
0000003a
000000f2
00000038
00000088
00000040
000000b9
00000022
00000044
00000066
00000088
000000aa
000000cc
000000ee
00000012
00000034
00000055
000000a0
000000b2
000000c4
000000d6
000000e8
000000fa
0000000c
0000001e
00000020
000000b9
00000000
00000000
00000000
00000000
00000000
00000000
00000000
00000000
00000000
00000000
00000000
00000000
00000000
00000000
00000000
00000000
00000000
00000000
00000000
00000000
00000000
00000000
00000000
00000000
00000000
00000000
00000000
00000000
00000000
00000000
00000000
00000000
00000000
00000000
00000000
00000000
00000000
00000000
00000000
00000000
00000000
00000000
00000000
00000000
00000000
00000000
00000000
00000000
00000000
00000000
00000000
00000000
00000000
00000000
00000000
00000000
00000000
00000000
00000000
00000000
00000000
00000000
00000000
00000000
00000000
00000000
00000000
00000000
00000000
00000000
00000000
00000000
00000000
00000000
00000000
00000000
00000000
00000000
00000000
00000000
00000000
00000000
00000000
00000000
00000000
00000000
00000000
00000000
00000000
00000000
00000000
00000000
00000000
00000000
00000000
00000000
00000000
00000000
00000000
00000000
fffffffe
ffffff2a
ffffff32
ffffff96
ffffff84
ffffff18
ffffff30
ffffffac
ffffffb2
ffffff44
fffffffe
ffffff2a
ffffff32
ffffff96
ffffff84
ffffff18
ffffff30
ffffffac
ffffffb2
ffffff44
fffffffe
ffffff2a
ffffff32
ffffff96
ffffff84
ffffff18
ffffff30
ffffffac
ffffffb2
ffffff44
fffffffe
ffffff2a
ffffff32
ffffff96
ffffff84
ffffff18
ffffff30
ffffffac
ffffffb2
ffffff44
fffffffe
ffffff2a
ffffff32
ffffff96
ffffff84
ffffff18
ffffff30
ffffffac
ffffffb2
ffffff44
fffffffe
ffffff2a
ffffff32
ffffff96
ffffff84
ffffff18
ffffff30
ffffffac
ffffffb2
ffffff44
fffffffe
ffffff2a
ffffff32
ffffff96
ffffff84
ffffff18
ffffff30
ffffffac
ffffffb2
ffffff44
fffffffe
ffffff2a
ffffff32
ffffff96
ffffff84
ffffff18
ffffff30
ffffffac
ffffffb2
ffffff44
fffffffe
ffffff2a
ffffff32
ffffff96
ffffff84
ffffff18
ffffff30
ffffffac
ffffffb2
ffffff44
fffffffe
ffffff2a
ffffff32
ffffff96
ffffff84
ffffff18
ffffff30
ffffffac
ffffffb2
ffffff44
00000000
00000000
00000000
00000000
00000000
00000000
00000000
00000000
00000000
00000000
00000000
00000000
00000000
00000000
00000000
00000000
00000000
00000000
00000000
00000000
00000000
00000000
00000000
00000000
00000000
00000000
00000000
00000000
00000000
00000000
00000000
00000000
00000000
00000000
00000000
00000000
00000000
00000000
00000000
00000000
00000000
00000000
00000000
00000000
00000000
00000000
00000000
00000000
00000000
00000000
00000000
00000000
00000000
00000000
00000000
00000000
00000000
00000000
00000000
00000000
00000000
00000000
00000000
00000000
00000000
00000000
00000000
00000000
00000000
00000000
00000000
00000000
00000000
00000000
00000000
00000000
00000000
00000000
00000000
00000000
00000000
00000000
00000000
00000000
00000000
00000000
00000000
00000000
00000000
00000000
00000000
00000000
00000000
00000000
00000000
00000000
00000000
00000000
00000000
00000000
00000001
00000002
00000003
00000004
00000005
00000006
00000007
00000008
00000009
0000000a
0000000b
0000000c
0000000d
0000000e
0000000f
00000010
00000011
00000012
00000013
00000014
00000015
00000016
00000017
00000018
00000019
0000001a
0000001b
0000001c
0000001d
0000001e
0000001f
00000020
00000021
00000022
00000023
00000024
00000025
00000026
00000027
00000028
00000029
0000002a
0000002b
0000002c
0000002d
0000002e
0000002f
00000030
00000031
00000032
00000001
00000002
00000003
00000004
00000005
00000006
00000007
00000008
00000009
0000000a
0000000b
0000000c
0000000d
0000000e
0000000f
00000010
00000011
00000012
00000013
00000014
00000015
00000016
00000017
00000018
00000019
0000001a
0000001b
0000001c
0000001d
0000001e
0000001f
00000020
00000021
00000022
00000023
00000024
00000025
00000026
00000027
00000028
00000029
0000002a
0000002b
0000002c
0000002d
0000002e
0000002f
00000030
00000031
00000032
00000000
00000000
00000000
00000000
00000000
00000000
00000000
00000000
00000000
00000000
00000000
00000000
00000000
00000000
00000000
00000000
00000000
00000000
00000000
00000000
00000000
00000000
00000000
00000000
00000000
00000000
00000000
00000000
00000000
00000000
00000000
00000000
00000000
00000000
00000000
00000000
00000000
00000000
00000000
00000000
00000000
00000000
00000000
00000000
00000000
00000000
00000000
00000000
00000000
00000000
00000000
00000000
00000000
00000000
00000000
00000000
00000000
00000000
00000000
00000000
00000000
00000000
00000000
00000000
00000000
00000000
00000000
00000000
00000000
00000000
00000000
00000000
00000000
00000000
00000000
00000000
00000000
00000000
00000000
00000000
00000000
00000000
00000000
00000000
00000000
00000000
00000000
00000000
00000000
00000000
00000000
00000000
00000000
00000000
00000000
00000000
00000000
00000000
00000000
00000000
00000000
00000000
00000000
00000000
00000000
00000000
00000000
00000000
00000000
00000000
00000000
00000000
00000000
00000000
00000000
00000000
00000000
00000000
00000000
00000000
00000000
00000000
00000000
00000000
00000000
00000000
00000000
00000000
00000000
00000000
00000000
00000000
00000000
00000000
00000000
00000000
00000000
00000000
00000000
00000000
00000000
00000000
00000000
00000000
00000000
00000000
00000000
00000000
00000000
00000000
00000000
00000000
00000000
00000000
00000000
00000000
00000000
00000000
00000000
00000000
00000000
00000000
00000000
00000000
00000000
00000000
00000000
00000000
00000000
00000000
00000000
00000000
00000000
00000000
00000000
00000000
00000000
00000000
00000000
00000000
00000050
00000000
00000000
00000000
00000000
00000000
00000000
00000000
00000000
00000000
00000000
00000000
00000000
00000000
00000000
00000000
00000000
00000000
00000000
00000000
00000000
00000000
00000000
00000000
00000000
00000000
00000000
00000000
00000000
00000000
00000000
00000000
00000000
00000000
00000000
00000000
00000000
00000000
00000000
00000000
00000000
00000000
00000000
00000000
00000000
00000000
00000000
00000000
00000000
00000000
00000000
00000000
00000000
00000000
00000000
00000000
00000000
00000000
00000000
00000000
00000000
00000000
00000000
00000000
00000000
00000000
00000000
00000000
00000000
00000000
00000000
00000000
00000000
00000000
00000000
00000000
00000000
00000000
00000000
00000000
00000000
00000000
00000000
00000000
00000000
00000000
00000000
00000000
00000000
00000000
00000000
00000000
00000000
00000000
00000000
00000000
00000000
00000000
00000000
00000000
00000000
00000000
00000000
00000000
00000000
00000000
00000000
00000000
00000000
00000000
00000000
00000000
00000000
00000000
00000000
00000000
00000000
00000000
00000000
00000000
00000000
00000000
00000000
00000000
00000000
00000000
00000000
00000000
00000000
00000000
00000000
00000000
00000000
00000000
00000000
00000000
00000000
00000000
00000000
00000000
00000000
00000000
00000000
00000000